# Created by Octave 7.3.0, Mon Sep 23 16:28:01 2024 CST <lizzy@lizzy-pc>
# name: sos
# type: matrix
# rows: 3
# columns: 6
 1 1.9999939879746771 0.99999398801082051 1 -1.8903827418815842 0.89461607137080157
 1 -1.9999940261483307 0.99999402618401689 1 -1.8972760064385188 0.91471507358197968
 1 3.8173651129014274e-08 -1.0000119859129111 1 -1.977282080053429 0.97836370996631949


