# Created by Octave 7.3.0, Mon Sep 23 16:28:01 2024 CST <lizzy@lizzy-pc>
# name: sos
# type: matrix
# rows: 3
# columns: 6
 1 -1.9954731860139003 0.99994493923904237 1 -1.8903827418815842 0.89461607137080157
 1 -1.9955236366740803 0.99998768401814175 1 -1.8972760064385188 0.91471507358197968
 1 -1.9955967790200484 1.0000673806045386 1 -1.977282080053429 0.97836370996631949


