# Created by Octave 7.3.0, Mon Sep 23 16:28:01 2024 CST <lizzy@lizzy-pc>
# name: sos
# type: matrix
# rows: 2
# columns: 6
 1 1.9999934219102573 0.99999342195352925 1 -1.9354451318386461 0.93925447838655429
 1 1.000006578089738 0 1 -0.93919657305527482 0


