# Created by Octave 7.3.0, Mon Sep 23 16:28:01 2024 CST <lizzy@lizzy-pc>
# name: sos
# type: matrix
# rows: 2
# columns: 6
 1 -2.0000089865701778 1.0000089866509383 1 -1.9512501228304058 0.95844330715393555
 1 -0.99999101342982055 0 1 -0.8406941084734123 0


