# Created by Octave 7.3.0, Mon Sep 23 13:07:26 2024 CST <lizzy@lizzy-pc>
# name: sos
# type: matrix
# rows: 2
# columns: 6
 1 -1.9945200056458239 0.99999999999989186 1 -1.5895720880294357 0.70200258920401148
 1 -1.000000000000109 0 1 -0.69338435144528043 0


