# Created by Octave 7.3.0, Mon Sep 23 13:07:27 2024 CST <lizzy@lizzy-pc>
# name: sos
# type: matrix
# rows: 3
# columns: 6
 1 -1.9754771080913918 0.99999999999769384 1 -1.9696531654643403 0.9740640130742555
 1 -1.9991889976044244 1.000000000071648 1 -1.9792017163367097 0.98540546757335157
 1 6.9339867181383852e-11 -0.99999999993065702 1 -1.9863602213629452 0.98953866010179981


