# Created by Octave 7.3.0, Mon Sep 23 13:07:27 2024 CST <lizzy@lizzy-pc>
# name: sos
# type: matrix
# rows: 3
# columns: 6
 1 1.9999939879746771 0.99999398801082051 1 -1.937014133401322 0.95629936688273176
 1 -1.9999940261483307 0.99999402618401689 1 -1.9421470665975527 0.94649631738724427
 1 3.8173651129014274e-08 -1.0000119859129111 1 -1.9889111622216875 0.98991596826786865


