# Created by Octave 7.3.0, Mon Sep 23 16:28:01 2024 CST <lizzy@lizzy-pc>
# name: sos
# type: matrix
# rows: 3
# columns: 6
 1 -1.9954731860139003 0.99994493923904237 1 -1.9365667578814008 0.95599281655859936
 1 -1.9955236366740803 0.99998768401814175 1 -1.9889214799082215 0.9899188119072343
 1 -1.9955967790200484 1.0000673806045386 1 -1.7936424417523806 0.79765913081345918


