# Created by Octave 7.3.0, Mon Sep 23 13:07:28 2024 CST <lizzy@lizzy-pc>
# name: sos
# type: matrix
# rows: 3
# columns: 6
 1 -1.9829944949454905 0.9999999999513598 1 -1.458210932821657 0.64141781049667923
 1 -1.9955312009092436 1.0000000002342131 1 -1.9911977140603137 0.99128199980925924
 1 -1.9988283828708426 0.9999999998144351 1 -1.615179318796796 0.61879635673615607


