# Created by Octave 7.3.0, Mon Sep 23 13:07:25 2024 CST <lizzy@lizzy-pc>
# name: sos
# type: matrix
# rows: 2
# columns: 6
 1 1.9999934219102573 0.99999342195352925 1 -1.9656664076096244 0.96951279233165844
 1 1.000006578089738 0 1 -0.96948344773220962 0


