# Created by Octave 7.3.0, Mon Sep 23 16:28:01 2024 CST <lizzy@lizzy-pc>
# name: sos
# type: matrix
# rows: 2
# columns: 6
 1 -1.9995369275139321 1.000000000002446 1 -1.9530235557933193 0.9601845341706996
 1 -0.9999999999975534 0 1 -0.84461450419521078 0


