# Created by Octave 7.3.0, Mon Sep 23 16:28:01 2024 CST <lizzy@lizzy-pc>
# name: sos
# type: matrix
# rows: 3
# columns: 6
 1 -1.9932303325846785 0.99999999856488309 1 -1.9384313955941845 0.95784620088267369
 1 -1.9955312032720909 1.000000003606353 1 -1.9893366968665678 0.99033576903113574
 1 -1.9970506272739499 0.99999999782876636 1 -1.7984974032720209 0.80252496472300494


