# Created by Octave 7.3.0, Mon Sep 23 16:28:01 2024 CST <lizzy@lizzy-pc>
# name: sos
# type: matrix
# rows: 3
# columns: 6
 1 -1.8051723074891444 0.99999999999999156 1 -1.9384633815275425 0.95786782226968192
 1 -1.9999022749791808 0.99999999998270472 1 -1.9407238051011446 0.94506986867545806
 1 -1.730615650785694e-11 -1.0000000000173066 1 -1.9893359475996806 0.99033556685731117


