# Created by Octave 7.2.0, Tue Sep 24 15:39:57 2024 CST <ignacio@ignacio-pc>
# name: sos
# type: matrix
# rows: 2
# columns: 6
 1 -1.9999934295749324 0.99999342961810278 1 -1.9111100187919354 0.91811432393964376
 1 -1.0000065704250627 0 1 -0.91797068434994167 0


