# Created by Octave 7.2.0, Tue Oct 08 21:24:08 2024 CST <ignacio@ignacio-pc>
# name: sos
# type: matrix
# rows: 2
# columns: 6
 0.9244465617731541 -1.8488882933267354 0.92444173157881804 1 -1.918570032544294 0.92450263188812298
 1 -1.0000052249851679 0 1 -0.92439049165818377 0


