# Created by Octave 7.2.0, Sat Sep 28 19:46:54 2024 CST <ignacio@ignacio-pc>
# name: sos
# type: matrix
# rows: 1
# columns: 6
 0.00012044276552320411 0.00024088614702277451 0.00012044338150272061 1 -1.8991886908811022 0.90277707520710537


