# Created by Octave 7.2.0, Tue Oct 08 21:24:08 2024 CST <ignacio@ignacio-pc>
# name: sos
# type: matrix
# rows: 2
# columns: 6
 0.00026995652558355965 -0.00053871968116975082 0.00026995652558356014 1 -1.9868471245268569 0.98702370811719264
 1 1.0000000000000016 0 1 -0.9864837950684886 0


