# Created by Octave 7.2.0, Tue Sep 24 15:39:57 2024 CST <ignacio@ignacio-pc>
# name: sos
# type: matrix
# rows: 2
# columns: 6
 1 -2.0000089865701778 1.0000089866509383 1 -1.9512501228304058 0.95844330715393555
 1 -0.99999101342982055 0 1 -0.8406941084734123 0


