# Created by Octave 7.2.0, Tue Sep 24 15:39:57 2024 CST <ignacio@ignacio-pc>
# name: sos
# type: matrix
# rows: 2
# columns: 6
 1 -1.9947634861962116 0.99999999999999889 1 -1.9856745467246835 0.98588364342895418
 1 1.0000000000000009 0 1 -0.98529652610740492 0


