# Created by Octave 7.2.0, Tue Sep 24 15:39:57 2024 CST <ignacio@ignacio-pc>
# name: sos
# type: matrix
# rows: 2
# columns: 6
 1 -1.9388222077398045 1 1 -1.9667728144786589 0.97064216845315687
 1 1.0000000000000009 0 1 -0.9686599849291212 0


